4
muro_izq_inferior 4
150.0 100.0
200.0 100.0
200.0 250.0
150.0 250.0

muro_der_superior 4
300.0 250.0
350.0 250.0
350.0 400.0
300.0 400.0

bloque_central_L 6
220.0 220.0
280.0 220.0
280.0 250.0
250.0 250.0
250.0 280.0
220.0 280.0

obstaculo_triangular 3
100.0 350.0
180.0 350.0
140.0 420.0

4
muro_inferior 4
220 0
250 0
250 200
220 200
muro_superior 4
220 300
250 300
250 500
220 500
obstaculo_L 6
320 80
420 80
420 120
360 120
360 200
320 200
bloque_cuadrado 4
80 320
160 320
160 400
80 400


2
pared_central 4
120 100
260 100
260 140
120 140
obstaculo_L 6
300 180
420 180
420 220
350 220
350 330
300 330